msg: 1111 1110 1101 1100 1011 1010 0000 0001 0010 0011 0100 0101 0110 0000 0001 0101 
key: 0001 0011 0011 0100 0101 0111 0111 1001 1001 1011 1011 1100 1101 1111 1110 0111 

================================================================================

C0 : 1111 0000 1100 1100 1010 1010 0111 
d0 : 1101 0101 1110 0110 0111 1000 1111 

C1 : 1110 0001 1001 1001 0101 0100 1111 
d1 : 1010 1011 1100 1100 1111 0001 1111 

C2 : 1100 0011 0011 0010 1010 1001 1111 
d2 : 0101 0111 1001 1001 1110 0011 1111 

C3 : 0000 1100 1100 1010 1010 0111 1111 
d3 : 0101 1110 0110 0111 1000 1111 1101 

C4 : 0011 0011 0010 1010 1001 1111 1100 
d4 : 0111 1001 1001 1110 0011 1111 0101 

C5 : 1100 1100 1010 1010 0111 1111 0000 
d5 : 1110 0110 0111 1000 1111 1101 0101 

C6 : 0011 0010 1010 1001 1111 1100 0011 
d6 : 1001 1001 1110 0011 1111 0101 0111 

C7 : 1100 1010 1010 0111 1111 0000 1100 
d7 : 0110 0111 1000 1111 1101 0101 1110 

C8 : 0010 1010 1001 1111 1100 0011 0011 
d8 : 1001 1110 0011 1111 0101 0111 1001 

C9 : 0101 0101 0011 1111 1000 0110 0110 
d9 : 0011 1100 0111 1110 1010 1111 0011 

C10 : 0101 0100 1111 1110 0001 1001 1001 
d10 : 1111 0001 1111 1010 1011 1100 1100 

C11 : 0101 0011 1111 1000 0110 0110 0101 
d11 : 1100 0111 1110 1010 1111 0011 0011 

C12 : 0100 1111 1110 0001 1001 1001 0101 
d12 : 0001 1111 1010 1011 1100 1100 1111 

C13 : 0011 1111 1000 0110 0110 0101 0101 
d13 : 0111 1110 1010 1111 0011 0011 1100 

C14 : 1111 1110 0001 1001 1001 0101 0100 
d14 : 1111 1010 1011 1100 1100 1111 0001 

C15 : 1111 1000 0110 0110 0101 0101 0011 
d15 : 1110 1010 1111 0011 0011 1100 0111 

C16 : 1111 0000 1100 1100 1010 1010 0111 
d16 : 1101 0101 1110 0110 0111 1000 1111 

================================================================================

K1 : 0000 1011 0000 0010 1110 1111 1111 1100 0111 0001 0111 0110 

K2 : 0111 1001 1010 0110 1101 1001 1101 1111 1100 1001 1110 0101 

K3 : 0101 0101 1101 1100 1000 1010 0100 0010 1110 1111 1101 1001 

K4 : 0111 0010 1010 1001 1101 0110 1111 1011 1011 0101 0001 1101 

K5 : 0011 1100 1110 1100 0000 0111 1110 1011 0101 0111 1010 1010 

K6 : 0110 0011 0010 0101 0011 1110 0101 1100 0111 1011 0010 1111 

K7 : 1110 1100 1000 0100 1011 0101 1111 0110 0101 1000 1111 1100 

K8 : 1101 0111 1000 1010 0011 1010 1100 0001 1011 1011 1111 1011 

K9 : 1110 0000 1100 1011 1110 1011 1110 1101 1110 0111 1001 1001 

K10 : 1011 0001 1111 0011 0000 0111 1011 1011 0101 0110 0100 1111 

K11 : 0010 0001 0001 1111 1101 0011 1101 1110 1101 0011 1010 0110 

K12 : 0111 0101 0111 0000 1111 0101 1001 0100 0110 1111 1110 1101 

K13 : 1001 0111 1100 0101 1101 0000 1111 1010 1011 1010 1101 0001 

K14 : 0101 1110 0100 0011 1011 0111 1111 0011 1110 0111 0011 1011 

K15 : 1011 1111 1001 0001 0000 1101 0011 1111 0011 1111 0000 1010 

K16 : 1100 1011 0011 1101 1000 1011 0001 1110 0001 0111 1111 0111 


================================================================================

L0 : 0110 0011 1000 0111 1010 0011 1011 1000 
R0 : 0000 0111 0101 0101 0000 0111 0001 0101 

L1 : 0000 0111 0101 0101 0000 0111 0001 0101 
R1 : 1010 1111 1110 1011 1100 0011 0100 0011 

L2 : 1010 1111 1110 1011 1100 0011 0100 0011 
R2 : 0011 1011 1001 0111 0010 1010 0100 1110 

L3 : 0011 1011 1001 0111 0010 1010 0100 1110 
R3 : 0011 0111 0110 1011 1110 1000 0011 1110 

L4 : 0011 0111 0110 1011 1110 1000 0011 1110 
R4 : 1001 1100 0001 1101 0001 1110 1000 0000 

L5 : 1001 1100 0001 1101 0001 1110 1000 0000 
R5 : 0100 1001 0011 1000 1100 1001 1010 1011 

L6 : 0100 1001 0011 1000 1100 1001 1010 1011 
R6 : 0001 1000 0111 1010 1011 0011 0000 0110 

L7 : 0001 1000 0111 1010 1011 0011 0000 0110 
R7 : 1101 1100 0101 0101 1011 1010 0010 0101 

L8 : 1101 1100 0101 0101 1011 1010 0010 0101 
R8 : 0100 1001 1100 0111 1110 0011 0001 0010 

L9 : 0100 1001 1100 0111 1110 0011 0001 0010 
R9 : 0100 1111 0111 0010 0111 1011 0101 1010 

L10 : 0100 1111 0111 0010 0111 1011 0101 1010 
R10 : 1011 1010 0011 0110 1001 1111 1111 1111 

L11 : 1011 1010 0011 0110 1001 1111 1111 1111 
R11 : 0011 1001 1111 1010 1100 1010 0101 0101 

L12 : 0011 1001 1111 1010 1100 1010 0101 0101 
R12 : 0110 0010 1111 0111 1110 1100 1110 0011 

L13 : 0110 0010 1111 0111 1110 1100 1110 0011 
R13 : 0001 0110 0010 1000 0101 0100 1001 0000 

L14 : 0001 0110 0010 1000 0101 0100 1001 0000 
R14 : 0001 1000 0000 0000 0111 1100 1101 1010 

L15 : 0001 1000 0000 0000 0111 1100 1101 1010 
R15 : 0101 1010 0000 0000 0001 0111 0000 0001 

L16 : 0101 1010 0000 0000 0001 0111 0000 0001 
R16 : 1101 0000 1101 0001 0000 0101 0000 0001 

================================================================================

Encrypted Message: 0001 1111 1000 1000 0000 1100 1000 0000 1101 1000 0000 0000 1101 0000 0101 0000 